-4243856 2768591 6229800
-3895448 -3260993 -7777409
-3584508 5294911 -4024701
1048900 765753 -3455788
-7746589 9277619 3287189
-2766988 -701402 9239404
-9372401 -3154914 -3023209
2394492 -6891221 -6097545
3421334 -857593 6693292
-4892203 3616610 -3336363
3633839 9372754 9432227
-136360 -4522693 -3828765
2086231 1892799 -8533853
8061529 -7058301 2231900
-5394259 -4804890 1509519
7892930 2428121 -9191882
7132334 3055720 -2346797
-5890875 -4549788 761982
-1988420 8871546 9904388
-5295128 -6020657 3520999
1368508 7613182 2893754
800736 -2523177 8371061
6971970 9563053 263860
8438117 7624583 3205559